0 01011010111
1 01011011010
2 01011011011
3 01011011110
4 01011011111
5 01011110101
6 01011110111
7 01011111101
8 01011111111
9 01101011111
10 01101101011
11 01101101111
12 01101111011
13 01101111111
14 01111010111
15 01111011010
16 01111011011
17 01111011110
18 01111011111
19 01111110101
20 01111110111
21 01111111011
22 01111111101
23 01111111111
24 10101101011
25 10101101101
26 10101101111
27 10101111010
28 10101111011
29 10101111110
30 10101111111
31 10110101111
32 10110110101
33 10110110111
34 10110111101
35 10110111111
36 10111101011
37 10111101101
38 10111101111
39 10111111010
40 10111111011
41 10111111101
42 10111111110
43 10111111111
44 11010110101
45 11010110110
46 11010110111
47 11010111101
48 11010111111
49 11011010111
50 11011011010
51 11011011011
52 11011011110
53 11011011111
54 11011110101
55 11011110110
56 11011110111
57 11011111101
58 11011111110
59 11011111111
60 11101011010
61 11101011011
62 11101011110
63 11101011111
64 11101101011
65 11101101101
66 11101101111
67 11101111010
68 11101111011
69 11101111110
70 11101111111
71 11110101101
72 11110101111
73 11110110101
74 11110110110
75 11110110111
76 11110111101
77 11110111111
78 11111010110
79 11111010111
80 11111011010
81 11111011011
82 11111011110
83 11111011111
84 11111101011
85 11111101101
86 11111101111
87 11111110101
88 11111110110
89 11111110111
90 11111111010
91 11111111011
92 11111111101
93 11111111110
94 11111111111
