11011110101
10110111101
10101111010
11101111110
11111101101
10111101011
11110101101
11011111110
10101111111
10111111110
11111011011
11011111101
10111111101
11101011011
01111011010
11101111011
01011111101
11011011010
10111101111
11111110111
01011011010
10111111010
11111011110
11101101011
11111111101
01101111111
11111111110
11111101011
11111010110
01111010111
11010110101
01111111101
11101011111
10110110111
01111110101
11111111011
01011011110
11110111111
01101101111
11110110101
11110110110
10101111110
11011110111
10110111111
10101111011
01011010111
11101011010
11111101111
10101101101
11110101111
11011010111
11111110110
01111111011
01111011011
11111110101
11011011011
10101101011
11011011111
11101101111
10111111011
11111011111
11010111101
11010110111
11111111010
11111011010
11010111111
11101111111
01111011111
11110111101
11101111010
10111101101
11011111111
11011110110
01011011111
10111111111
01011111111
01101111011
11110110111
01011110101
01101011111
01011011011
10101101111
11101011110
11111111111
11011011110
10110101111
01111111111
11111010111
01011110111
01101101011
10110110101
11101101101
01111110111
11010110110
